Group no.	(mg/cm3)	%	Max(μm)
1	190.9333333	53.53357623	128.035
1	237.8666667	62.31752531	262.96
1	25.6	24.66706233	1007.3
1	91.6	65.96070148	322.18
1	156.2666667	75.01627386	575.2845
1	122.6666667	62.9194056	183.395
1	12.13333333	24.64616177	125.62
2	55.46666667	20.02056646	845.625
2	43.06666667	30.04521662	205.325
2	214.4	80.31973141	215.64
2	88.66666667	47.4118006	998.665
2	179.7333333	63.49896508	261.96
3	316.4	84.87124464	593.3
3	443.2	86.8338558	593.3
3	394.4	89.63636364	550.9
3	353.3	85.61413	576.5
3	399.1	88.24623	574.2
4	8.4	5.833333333	194.6
4	9.2	4.978354978	198.7
4	11.2	5.447470817	227.7
4	10.5	5.51342	200.41
4	9.8	4.84323	210.51
